ROUGE-1: 0.14345152267824204
ROUGE-2: 0.04741579328682749
ROUGE-l: 0.1285785594341877
Average of ROUGE-1, ROUGE-2 and ROUGE-l:  0.10648195846641907