ROUGE-1: 0.21645244720210008
ROUGE-2: 0.07449620598681908
ROUGE-l: 0.18962468921126593
Average of ROUGE-1, ROUGE-2 and ROUGE-l:  0.160191114133395