ROUGE-1: 0.199286198456149
ROUGE-2: 0.06808382159435289
ROUGE-l: 0.17500383711963874
Average of ROUGE-1, ROUGE-2 and ROUGE-l:  0.14745795239004686